32 0.0000000 0.6361111 1.0125000 0.4266667
33 0.2525000 0.4516667 0.4575000 0.0155556
19 0.2512500 0.5111111 0.0275000 0.0155556
1 0.3212500 0.5111111 0.0275000 0.0155556
17 0.3912500 0.5111111 0.0275000 0.0155556
5 0.0412500 0.5711111 0.0275000 0.0155556
13 0.1112500 0.5711111 0.0275000 0.0155556
6 0.1812500 0.5711111 0.0275000 0.0155556
20 0.2512500 0.5711111 0.0275000 0.0155556
14 0.3212500 0.5711111 0.0275000 0.0155556
18 0.3912500 0.5711111 0.0275000 0.0155556
25 0.4612500 0.5711111 0.0275000 0.0155556
29 0.1112500 0.6311111 0.0275000 0.0155556
7 0.1812500 0.6311111 0.0275000 0.0155556
22 0.2512500 0.6311111 0.0275000 0.0155556
11 0.3212500 0.6311111 0.0275000 0.0155556
16 0.0412500 0.6911111 0.0275000 0.0155556
2 0.1812500 0.6911111 0.0275000 0.0155556
24 0.2512500 0.6911111 0.0275000 0.0155556
4 0.3212500 0.6911111 0.0275000 0.0155556
30 0.3912500 0.6911111 0.0275000 0.0155556
26 0.4612500 0.6911111 0.0275000 0.0155556
34 0.0412500 0.7511111 0.0650000 0.0600000
25 0.0412500 0.7511111 0.0275000 0.0155556
9 0.1812500 0.7511111 0.0275000 0.0155556
10 0.2512500 0.7511111 0.0275000 0.0155556
31 0.3212500 0.7511111 0.0275000 0.0155556
15 0.3912500 0.7511111 0.0275000 0.0155556
3 0.1112500 0.8111111 0.0275000 0.0155556
12 0.1812500 0.8111111 0.0275000 0.0155556
8 0.2512500 0.8111111 0.0275000 0.0155556
23 0.3912500 0.8111111 0.0275000 0.0155556
27 0.4612500 0.8111111 0.0275000 0.0155556
12 0.0412500 0.8111111 0.0275000 0.0155556
31 0.4612500 0.5111111 0.0275000 0.0155556
15 0.3212500 0.8111111 0.0275000 0.0155556
20 0.3912500 0.6311111 0.0275000 0.0155556
31 0.1112500 0.7511111 0.0275000 0.0155556
24 0.1812500 0.5111111 0.0275000 0.0155556
24 0.1112500 0.5111111 0.0275000 0.0155556
29 0.1112500 0.6911111 0.0275000 0.0155556
6 0.4612500 0.7511111 0.0275000 0.0155556
29 0.4612500 0.6311111 0.0275000 0.0155556
30 0.0412500 0.5111111 0.0275000 0.0155556
5 0.0412500 0.6311111 0.0275000 0.0155556
